
[marker_calibration]
bl_x: 100.031738
bl_y: 848.594238
tl_x: 165.238083
tl_y: 212.633804
tr_x: 1433.180786
tr_y: 299.849091
br_x: 1378.651245
br_y: 946.656067
