
[marker_calibration]
bl_x: 91.999466
bl_y: 904.891907
tl_x: 87.044472
tl_y: 260.264526
tr_x: 1372.036987
tr_y: 260.044861
br_x: 1384.428345
br_y: 897.408081
