
[marker_calibration]
bl_x: 141.145493
bl_y: 907.793396
tl_x: 128.470200
tl_y: 266.064789
tr_x: 1402.866455
tr_y: 258.161652
br_x: 1416.467407
br_y: 891.242432
