
[marker_calibration]
bl_x: 134.960205
bl_y: 898.234192
tl_x: 136.896042
tl_y: 268.144073
tr_x: 1408.138672
tr_y: 260.443115
br_x: 1414.387085
br_y: 897.257874
